<?xml version="1.0"?>
<opencv_storage>
<R type_id="opencv-matrix">
  <rows>3</rows>
  <cols>3</cols>
  <dt>d</dt>
  <data>
    9.9551047764371858e-01 3.1083334870824733e-03 9.4600354991450003e-02
    -1.3741614154144130e-03 9.9982992351181088e-01
    -1.8391186225224353e-02 -9.4641431635302642e-02
    1.8178622425793916e-02 9.9534543606966963e-01</data></R>
<T type_id="opencv-matrix">
  <rows>3</rows>
  <cols>1</cols>
  <dt>d</dt>
  <data>
    -3.4153498253519863e+00 -1.3762757768942765e-01
    5.1689313347361521e-01</data></T>
<E type_id="opencv-matrix">
  <rows>3</rows>
  <cols>3</cols>
  <dt>d</dt>
  <data>
    1.3735565584938365e-02 -5.1930710187489759e-01
    -1.2748070345424270e-01 1.9133893318838424e-01
    6.3693031163093980e-02 3.4483511351646898e+00 1.4170293755269117e-01
    -3.4143411622392748e+00 7.5831952368369065e-02</data></E>
<F type_id="opencv-matrix">
  <rows>3</rows>
  <cols>3</cols>
  <dt>d</dt>
  <data>
    -6.4034286614130235e-07 2.4212327531252890e-05
    -2.2977418382203476e-03 -8.9322761025479108e-06
    -2.9736986651571430e-06 -8.2538210449050312e-02
    -1.1668060616619614e-03 7.9122983360429416e-02
    9.9999999999999989e-01</data></F>
<R1 type_id="opencv-matrix">
  <rows>3</rows>
  <cols>3</cols>
  <dt>d</dt>
  <data>
    9.9761743446053275e-01 4.0157500100067405e-02
    -5.6096609934091698e-02 -4.0839595773940592e-02
    9.9910443625396372e-01 -1.1065842700420771e-02
    5.5601995264609697e-02 1.3330440478934308e-02 9.9836402052519491e-01</data></R1>
<R2 type_id="opencv-matrix">
  <rows>3</rows>
  <cols>3</cols>
  <dt>d</dt>
  <data>
    9.8795667237424267e-01 3.9811466067597195e-02
    -1.4952143886667851e-01 -3.8597528367130485e-02
    9.9919414625068759e-01 1.1013124093920660e-02 1.4983939507072858e-01
    -5.1093314541236631e-03 9.8869714797653285e-01</data></R2>
<P1 type_id="opencv-matrix">
  <rows>3</rows>
  <cols>4</cols>
  <dt>d</dt>
  <data>
    5.3881567041122764e+02 0. 4.3790958213806152e+02 0. 0.
    5.3881567041122764e+02 2.0287026596069336e+02 0. 0. 0. 1. 0.</data></P1>
<P2 type_id="opencv-matrix">
  <rows>3</rows>
  <cols>4</cols>
  <dt>d</dt>
  <data>
    5.3881567041122764e+02 0. 4.3790958213806152e+02
    -1.8626768331990238e+03 0. 5.3881567041122764e+02
    2.0287026596069336e+02 0. 0. 0. 1. 0.</data></P2>
<Q type_id="opencv-matrix">
  <rows>4</rows>
  <cols>4</cols>
  <dt>d</dt>
  <data>
    1. 0. 0. -4.3790958213806152e+02 0. 1. 0. -2.0287026596069336e+02 0.
    0. 0. 5.3881567041122764e+02 0. 0. 2.8926953984060000e-01 0.</data></Q>
<roi1 type_id="opencv-matrix">
  <rows>4</rows>
  <cols>1</cols>
  <dt>d</dt>
  <data>
    46. 0. 434. 635.</data></roi1>
<roi2 type_id="opencv-matrix">
  <rows>4</rows>
  <cols>1</cols>
  <dt>d</dt>
  <data>
    0. 0. 480. 640.</data></roi2>
</opencv_storage>
