<?xml version="1.0"?>
<opencv_storage>
<R type_id="opencv-matrix">
  <rows>3</rows>
  <cols>3</cols>
  <dt>d</dt>
  <data>
    9.9551047764371858e-01 3.1083334870824733e-03 9.4600354991450003e-02
    -1.3741614154144130e-03 9.9982992351181088e-01
    -1.8391186225224353e-02 -9.4641431635302642e-02
    1.8178622425793916e-02 9.9534543606966963e-01</data></R>
<T type_id="opencv-matrix">
  <rows>3</rows>
  <cols>1</cols>
  <dt>d</dt>
  <data>
    -3.4153498253519863e+00 -1.3762757768942765e-01
    5.1689313347361521e-01</data></T>
<E type_id="opencv-matrix">
  <rows>3</rows>
  <cols>3</cols>
  <dt>d</dt>
  <data>
    1.3735565584938365e-02 -5.1930710187489759e-01
    -1.2748070345424270e-01 1.9133893318838424e-01
    6.3693031163093980e-02 3.4483511351646898e+00 1.4170293755269117e-01
    -3.4143411622392748e+00 7.5831952368369065e-02</data></E>
<F type_id="opencv-matrix">
  <rows>3</rows>
  <cols>3</cols>
  <dt>d</dt>
  <data>
    -6.4034286614130235e-07 2.4212327531252890e-05
    -2.2977418382203476e-03 -8.9322761025479108e-06
    -2.9736986651571430e-06 -8.2538210449050312e-02
    -1.1668060616619614e-03 7.9122983360429416e-02
    9.9999999999999989e-01</data></F>
</opencv_storage>
