<?xml version="1.0"?>
<opencv_storage>
<mtx_left type_id="opencv-matrix">
  <rows>3</rows>
  <cols>3</cols>
  <dt>d</dt>
  <data>
    5.3607343018988615e+02 0. 3.4237038789174045e+02 0.
    5.3601634475101935e+02 2.3553685636173944e+02 0. 0. 1.</data></mtx_left>
<distCoeffs_left type_id="opencv-matrix">
  <rows>1</rows>
  <cols>5</cols>
  <dt>d</dt>
  <data>
    -2.6509006367088994e-01 -4.6743904576082691e-02
    1.8330102878109493e-03 -3.1471466340468276e-04
    2.5231586149076507e-01</data></distCoeffs_left>
<mtx_right type_id="opencv-matrix">
  <rows>3</rows>
  <cols>3</cols>
  <dt>d</dt>
  <data>
    5.4235474306329763e+02 0. 3.2832418896799334e+02 0.
    5.4161499607143594e+02 2.4694729222326180e+02 0. 0. 1.</data></mtx_right>
<distCoeffs_right type_id="opencv-matrix">
  <rows>1</rows>
  <cols>5</cols>
  <dt>d</dt>
  <data>
    -2.8054308253933180e-01 1.0432373151405110e-01
    -5.5821362428470857e-04 1.3035577028327533e-03
    -2.3721631232520565e-02</data></distCoeffs_right>
</opencv_storage>
